{
  "taglist": [
    5,
    3,
    4,
    7,
    9,
    6,
    8,
    10,
    17,
    2,
    1,
    37
  ],
  "map": [
    [
      0.5900619258851381,
      -0.3351963621446821,
      -0.976003692406269,
      -0.9987518927102285,
      -0.4391306126959387,
      -0.724441878881039,
      0.1876187986469082,
      0.7517771581331273,
      0.04591465995069536,
      0.26381552134556546,
      0.9945653928004603,
      -0.5527500035826494
    ],
    [
      -0.03315465847438199,
      -0.5543611768219467,
      -0.65275678055874,
      -1.2143476129616737,
      0.1684172887621937,
      1.0349694886555456,
      0.550947396378655,
      1.1020217247681678,
      0.7059995864305758,
      -1.0820680483852687,
      -0.9782714518824399,
      -0.062300950191835805
    ]
  ],
  "covariance": [
    [
      0.03703077660423586,
      0.00031204784599354554,
      0.03704480456217806,
      0.0002607858849575515,
      0.03705263319767112,
      0.00024158335520130513,
      0.03707481608729481,
      0.00024335903349701057,
      0.037026246918076315,
      0.00025519475099732936,
      0.037010034680665674,
      0.00024534195620985755,
      0.03701274569727831,
      0.00027296260407198684,
      0.03699873611518499,
      0.0002806761363353964,
      0.03699374119699546,
      0.00028579320659089435,
      0.037057418785913315,
      0.0002998240378925839,
      0.03705640344274591,
      0.00032044083169905616,
      0.03703201070055562,
      0.00024945686999383035
    ],
    [
      0.00031204784599354554,
      0.043483855828637015,
      0.0006034389904213558,
      0.04241977379373825,
      0.0007659489701919765,
      0.042021160293863775,
      0.0012264294686785576,
      0.042058019772710134,
      0.00021821323404109838,
      0.04230371194331328,
      -0.00011832605135243778,
      0.04209918570648237,
      -6.207944800111357e-05,
      0.042672547922435924,
      -0.00035286941216208285,
      0.042832655479554775,
      -0.00045656504198704473,
      0.04293888628410009,
      0.0008652102467692039,
      0.043230092659265765,
      0.0008441312403710331,
      0.043658106649702474,
      0.0003379492759259065,
      0.04218459947359049
    ],
    [
      0.03704480456217806,
      0.0006034389904213558,
      0.0737673777372891,
      -0.0065854568615270745,
      0.07541160672311369,
      -0.01274963450591097,
      0.0808836173336336,
      -0.011976801931218488,
      0.06500869359289523,
      -0.008615158030012976,
      0.05743872509772285,
      -0.01280759036114221,
      0.05180401374639567,
      -0.0025753527558165378,
      0.04844700799293911,
      -0.0009504388557180974,
      0.04216387122731099,
      0.004667164511055995,
      0.05383178254149641,
      -0.0031070858382521247,
      0.05322796734106668,
      0.00545188600738816,
      0.06729058572164857,
      -0.011062568464324782
    ],
    [
      0.0002607858849575515,
      0.04241977379373825,
      -0.0065854568615270745,
      0.09382036408357118,
      -0.010110376687345603,
      0.10219109801719316,
      -0.02078299578554779,
      0.10058675604087453,
      0.0035533297295999356,
      0.09554862899303623,
      0.014155047444648225,
      0.10182994386366648,
      0.013479095481424773,
      0.08062984962531189,
      0.024901104347097202,
      0.07425903603008635,
      0.029079870425574018,
      0.07103669546023458,
      -0.018152696511936833,
      0.053099879001611075,
      -0.017458727391208118,
      0.03756036669254572,
      0.00015477948250273434,
      0.09919600203195966
    ],
    [
      0.03705263319767112,
      0.0007659489701919765,
      0.07541160672311369,
      -0.010110376687345603,
      0.07987654421261532,
      -0.01935753078738826,
      0.08783016076914163,
      -0.018177770340206467,
      0.06438705340996537,
      -0.013107998057885867,
      0.05474042059846986,
      -0.01858646475176572,
      0.04966234185732149,
      -0.005363242365673094,
      0.04488376877383681,
      -0.0029701888528071594,
      0.03819489422982276,
      0.003163664587283506,
      0.05724039163972837,
      -0.004135694436173209,
      0.05650635693670634,
      0.006745881126506248,
      0.0675553579772582,
      -0.016310717631503033
    ],
    [
      0.00024158335520130513,
      0.042021160293863775,
      -0.01274963450591097,
      0.10219109801719316,
      -0.01935753078738826,
      0.1197225745617303,
      -0.037220104914027434,
      0.11670905314631151,
      0.004760255898977665,
      0.10705959813520527,
      0.020718790224248353,
      0.11668037891299311,
      0.018763186642745056,
      0.08761146334967501,
      0.0338650345573031,
      0.07924965767072686,
      0.03931413136127979,
      0.07417249927542956,
      -0.026336637405249382,
      0.055605320877228935,
      -0.025340399796141104,
      0.034292118287399385,
      -0.0007129330325099069,
      0.11265595678484697
    ],
    [
      0.03707481608729481,
      0.0012264294686785576,
      0.0808836173336336,
      -0.02078299578554779,
      0.08783016076914163,
      -0.037220104914027434,
      0.10851654421453216,
      -0.03512200559123797,
      0.06313630490336149,
      -0.02606227002861459,
      0.047920997214833186,
      -0.03493599613382206,
      0.044224772414661905,
      -0.013556523506605512,
      0.035562826552629795,
      -0.00905519890315171,
      0.027402206112900458,
      -0.001052895381838065,
      0.06619546280841423,
      -0.006575541021796356,
      0.06510088271440626,
      0.010669987971652686,
      0.0683384600117835,
      -0.031244565366984375
    ],
    [
      0.00024335903349701057,
      0.042058019772710134,
      -0.011976801931218488,
      0.10058675604087453,
      -0.018177770340206467,
      0.11670905314631151,
      -0.03512200559123797,
      0.11685924706626259,
      0.004425313626706913,
      0.10498468105291418,
      0.01955890420120638,
      0.1140937913749234,
      0.017823242693220415,
      0.08629524050246308,
      0.032319144498944845,
      0.07826665624103311,
      0.037585742396847525,
      0.07355199532794075,
      -0.025336141595142542,
      0.05542047790637594,
      -0.024372071877812478,
      0.03472421484614891,
      -0.0007400451861707503,
      0.11028289102928715
    ],
    [
      0.037026246918076315,
      0.00021821323404109838,
      0.06500869359289523,
      0.0035533297295999356,
      0.06438705340996537,
      0.004760255898977665,
      0.06313630490336149,
      0.004425313626706913,
      0.0676711961146454,
      0.004112151078248195,
      0.06569047492813855,
      0.0035457363472886586,
      0.05859453403313932,
      0.005098065473317838,
      0.059415279495125164,
      0.004454498056703264,
      0.054542660480894414,
      0.007843815851444698,
      0.044782722641181515,
      -0.0003750235512801241,
      0.04449846209143442,
      0.0019657812276332957,
      0.06754199715828428,
      0.0037847305415858955
    ],
    [
      0.00025519475099732936,
      0.04230371194331328,
      -0.008615158030012976,
      0.09554862899303623,
      -0.013107998057885867,
      0.10705959813520527,
      -0.02606227002861459,
      0.10498468105291418,
      0.004112151078248195,
      0.10079631793355603,
      0.0163678079498176,
      0.10780611423379254,
      0.01550059718912716,
      0.08376022874461518,
      0.02834249472169607,
      0.07660878549232839,
      0.03317454298442223,
      0.07245834808549391,
      -0.02075332370348757,
      0.053838497371422565,
      -0.01996041861705278,
      0.03651351525107093,
      0.00011475677800310288,
      0.10488477982892838
    ],
    [
      0.037010034680665674,
      -0.00011832605135243778,
      0.05743872509772285,
      0.014155047444648225,
      0.05474042059846986,
      0.020718790224248353,
      0.047920997214833186,
      0.01955890420120638,
      0.06569047492813855,
      0.0163678079498176,
      0.0783386507540766,
      0.02306914731952826,
      0.06505453266071758,
      0.011724934051343595,
      0.07072258337886485,
      0.008499173369844668,
      0.06651786930968474,
      0.008188719445908729,
      0.03725415501278305,
      0.0018627443559608625,
      0.03724270087768201,
      -0.0010434087183528696,
      0.062295735731068315,
      0.02026976288490958
    ],
    [
      0.00024534195620985755,
      0.04209918570648237,
      -0.01280759036114221,
      0.10182994386366648,
      -0.01858646475176572,
      0.11668037891299311,
      -0.03493599613382206,
      0.1140937913749234,
      0.0035457363472886586,
      0.10780611423379254,
      0.02306914731952826,
      0.12178918238336203,
      0.01945786347343973,
      0.08807437034868806,
      0.03564318383762202,
      0.07915215959028517,
      0.04071804289155899,
      0.07269248275809476,
      -0.025207411886562052,
      0.055172138270105586,
      -0.024254326741644905,
      0.03470944970724427,
      -0.0027842302090086268,
      0.11578935380157447
    ],
    [
      0.03701274569727831,
      -6.207944800111357e-05,
      0.05180401374639567,
      0.013479095481424773,
      0.04966234185732149,
      0.018763186642745056,
      0.044224772414661905,
      0.017823242693220415,
      0.05859453403313932,
      0.01550059718912716,
      0.06505453266071758,
      0.01945786347343973,
      0.07011488281530606,
      0.011910076778877296,
      0.07532350082938745,
      0.008671336350567077,
      0.06486568990535374,
      0.009506838083043577,
      0.0357103471545406,
      0.002271478388691362,
      0.03575427675827165,
      -0.0011105627279032703,
      0.05642383863407122,
      0.017794820845167723
    ],
    [
      0.00027296260407198684,
      0.042672547922435924,
      -0.0025753527558165378,
      0.08062984962531189,
      -0.005363242365673094,
      0.08761146334967501,
      -0.013556523506605512,
      0.08629524050246308,
      0.005098065473317838,
      0.08376022874461518,
      0.011724934051343595,
      0.08807437034868806,
      0.011910076778877296,
      0.08595004459020386,
      0.021057892655917898,
      0.08027886655755935,
      0.02480130947891474,
      0.07100126357735057,
      -0.013800434890265617,
      0.051097188397420855,
      -0.01325984334943374,
      0.0390471982676649,
      0.002720349112756758,
      0.08625561111256912
    ],
    [
      0.03699873611518499,
      -0.00035286941216208285,
      0.04844700799293911,
      0.024901104347097202,
      0.04488376877383681,
      0.0338650345573031,
      0.035562826552629795,
      0.032319144498944845,
      0.059415279495125164,
      0.02834249472169607,
      0.07072258337886485,
      0.03564318383762202,
      0.07532350082938745,
      0.021057892655917898,
      0.10103287159648162,
      0.009927722731481382,
      0.08032867241917496,
      0.013718715556852334,
      0.02976864202333277,
      0.0046879454435606515,
      0.030024947030675382,
      -0.0033344423252090042,
      0.05569186160633146,
      0.03255091669232367
    ],
    [
      0.0002806761363353964,
      0.042832655479554775,
      -0.0009504388557180974,
      0.07425903603008635,
      -0.0029701888528071594,
      0.07924965767072686,
      -0.00905519890315171,
      0.07826665624103311,
      0.004454498056703264,
      0.07660878549232839,
      0.008499173369844668,
      0.07915215959028517,
      0.008671336350567077,
      0.08027886655755935,
      0.009927722731481382,
      0.08241877693379768,
      0.017752355475787112,
      0.0698092906564031,
      -0.01086311630093753,
      0.04988606857150924,
      -0.01042685532936814,
      0.04017958966318943,
      0.0029076983820481342,
      0.07808966036944359
    ],
    [
      0.03699374119699546,
      -0.00045656504198704473,
      0.04216387122731099,
      0.029079870425574018,
      0.03819489422982276,
      0.03931413136127979,
      0.027402206112900458,
      0.037585742396847525,
      0.054542660480894414,
      0.03317454298442223,
      0.06651786930968474,
      0.04071804289155899,
      0.06486568990535374,
      0.02480130947891474,
      0.08032867241917496,
      0.017752355475787112,
      0.14328512769300267,
      0.009982280912587918,
      0.023778870582135007,
      0.005965401506921153,
      0.02419389367974085,
      -0.006184142319517497,
      0.05055568854812766,
      0.037535868456029936
    ],
    [
      0.00028579320659089435,
      0.04293888628410009,
      0.004667164511055995,
      0.07103669546023458,
      0.003163664587283506,
      0.07417249927542956,
      -0.001052895381838065,
      0.07355199532794075,
      0.007843815851444698,
      0.07245834808549391,
      0.008188719445908729,
      0.07269248275809476,
      0.009506838083043577,
      0.07100126357735057,
      0.013718715556852334,
      0.0698092906564031,
      0.009982280912587918,
      0.12923640209143114,
      -0.014376208792811271,
      0.05298466903202714,
      -0.013715496764158692,
      0.04079678497404816,
      0.00726774782425595,
      0.07261556160375274
    ],
    [
      0.037057418785913315,
      0.0008652102467692039,
      0.05383178254149641,
      -0.018152696511936833,
      0.05724039163972837,
      -0.026336637405249382,
      0.06619546280841423,
      -0.025336141595142542,
      0.044782722641181515,
      -0.02075332370348757,
      0.03725415501278305,
      -0.025207411886562052,
      0.0357103471545406,
      -0.013800434890265617,
      0.02976864202333277,
      -0.01086311630093753,
      0.023778870582135007,
      -0.014376208792811271,
      0.09120348757857394,
      -0.012618339646758155,
      0.08826671085072724,
      0.015209047129237572,
      0.04740244831551027,
      -0.023352324613421432
    ],
    [
      0.0002998240378925839,
      0.043230092659265765,
      -0.0031070858382521247,
      0.053099879001611075,
      -0.004135694436173209,
      0.055605320877228935,
      -0.006575541021796356,
      0.05542047790637594,
      -0.0003750235512801241,
      0.053838497371422565,
      0.0018627443559608625,
      0.055172138270105586,
      0.002271478388691362,
      0.051097188397420855,
      0.0046879454435606515,
      0.04988606857150924,
      0.005965401506921153,
      0.05298466903202714,
      -0.012618339646758155,
      0.062019007871618084,
      -0.012074371941080627,
      0.04722261306461261,
      -0.0011690435510332202,
      0.05461663463121314
    ],
    [
      0.03705640344274591,
      0.0008441312403710331,
      0.05322796734106668,
      -0.017458727391208118,
      0.05650635693670634,
      -0.025340399796141104,
      0.06510088271440626,
      -0.024372071877812478,
      0.04449846209143442,
      -0.01996041861705278,
      0.03724270087768201,
      -0.024254326741644905,
      0.03575427675827165,
      -0.01325984334943374,
      0.030024947030675382,
      -0.01042685532936814,
      0.02419389367974085,
      -0.013715496764158692,
      0.08826671085072724,
      -0.012074371941080627,
      0.09006105582539997,
      0.01441973558608328,
      0.04702327258887151,
      -0.02246587971133926
    ],
    [
      0.00032044083169905616,
      0.043658106649702474,
      0.00545188600738816,
      0.03756036669254572,
      0.006745881126506248,
      0.034292118287399385,
      0.010669987971652686,
      0.03472421484614891,
      0.0019657812276332957,
      0.03651351525107093,
      -0.0010434087183528696,
      0.03470944970724427,
      -0.0011105627279032703,
      0.0390471982676649,
      -0.0033344423252090042,
      0.04017958966318943,
      -0.006184142319517497,
      0.04079678497404816,
      0.015209047129237572,
      0.04722261306461261,
      0.01441973558608328,
      0.06747452615989606,
      0.0030058463256282674,
      0.03546272428263822
    ],
    [
      0.03703201070055562,
      0.0003379492759259065,
      0.06729058572164857,
      0.00015477948250273434,
      0.0675553579772582,
      -0.0007129330325099069,
      0.0683384600117835,
      -0.0007400451861707503,
      0.06754199715828428,
      0.00011475677800310288,
      0.062295735731068315,
      -0.0027842302090086268,
      0.05642383863407122,
      0.002720349112756758,
      0.05569186160633146,
      0.0029076983820481342,
      0.05055568854812766,
      0.00726774782425595,
      0.04740244831551027,
      -0.0011690435510332202,
      0.04702327258887151,
      0.0030058463256282674,
      0.18593041030604013,
      -0.0018516366029833404
    ],
    [
      0.00024945686999383035,
      0.04218459947359049,
      -0.011062568464324782,
      0.09919600203195966,
      -0.016310717631503033,
      0.11265595678484697,
      -0.031244565366984375,
      0.11028289102928715,
      0.0037847305415858955,
      0.10488477982892838,
      0.02026976288490958,
      0.11578935380157447,
      0.017794820845167723,
      0.08625561111256912,
      0.03255091669232367,
      0.07808966036944359,
      0.037535868456029936,
      0.07261556160375274,
      -0.023352324613421432,
      0.05461663463121314,
      -0.02246587971133926,
      0.03546272428263822,
      -0.0018516366029833404,
      0.22234109994164578
    ]
  ]
}